# Created by Octave 4.0.0, Sat Jan 23 14:47:05 2021 IST <pratik@carl.friedrich.gauss>
# name: Iscrambled
# type: uint8 matrix
# ndims: 2
 512 512
 95
 105
 98
 99
 99
 93
 93
 99
 95
 96
 98
 102
 99
 100
 105
 101
 100
 98
 99
 104
 107
 104
 103
 102
 103
 102
 101
 100
 104
 100
 102
 99
 97
 91
 88
 94
 90
 87
 89
 84
 80
 87
 84
 80
 83
 80
 73
 78
 74
 79
 84
 80
 83
 75
 79
 80
 81
 79
 84
 80
 82
 84
 86
 84
 88
 90
 87
 77
 83
 78
 79
 78
 78
 79
 74
 81
 76
 82
 82
 78
 76
 70
 78
 72
 73
 74
 77
 67
 74
 71
 70
 70
 63
 53
 57
 59
 58
 51
 54
 56
 57
 53
 53
 58
 58
 60
 52
 48
 65
 57
 50
 54
 45
 62
 53
 52
 49
 48
 45
 45
 48
 47
 47
 48
 49
 51
 52
 56
 162
 162
 162
 162
 162
 164
 160
 159
 155
 155
 156
 156
 158
 157
 158
 158
 156
 157
 157
 154
 156
 155
 159
 156
 156
 155
 153
 157
 159
 157
 157
 158
 157
 156
 161
 160
 160
 158
 159
 164
 164
 163
 160
 159
 162
 161
 164
 163
 163
 163
 162
 161
 160
 162
 160
 158
 162
 158
 160
 162
 160
 162
 161
 164
 166
 164
 167
 170
 168
 172
 171
 175
 172
 171
 175
 170
 172
 167
 165
 167
 162
 158
 163
 162
 153
 154
 149
 150
 146
 143
 136
 136
 130
 123
 122
 116
 107
 99
 97
 90
 87
 90
 89
 90
 85
 85
 84
 88
 94
 89
 92
 94
 88
 97
 90
 92
 88
 86
 97
 95
 87
 87
 90
 90
 90
 97
 90
 95
 147
 150
 151
 156
 157
 148
 136
 134
 129
 137
 152
 153
 115
 52
 41
 47
 47
 40
 39
 51
 95
 106
 121
 147
 152
 112
 63
 57
 79
 109
 108
 103
 117
 112
 88
 83
 98
 142
 134
 118
 78
 57
 65
 78
 107
 112
 122
 128
 132
 108
 90
 68
 65
 70
 88
 92
 95
 106
 108
 114
 134
 138
 143
 149
 161
 173
 181
 172
 159
 141
 118
 115
 113
 113
 106
 102
 84
 87
 105
 114
 115
 91
 78
 55
 59
 84
 101
 94
 85
 76
 64
 68
 69
 73
 77
 94
 106
 118
 101
 109
 108
 119
 108
 69
 64
 65
 78
 93
 100
 102
 111
 112
 117
 107
 103
 109
 106
 117
 126
 138
 133
 133
 139
 116
 107
 112
 97
 92
 153
 153
 153
 153
 153
 154
 154
 152
 154
 156
 152
 152
 153
 154
 155
 154
 153
 150
 155
 154
 157
 157
 152
 154
 158
 153
 156
 157
 157
 157
 159
 159
 157
 157
 156
 157
 156
 159
 153
 156
 155
 156
 153
 153
 157
 153
 155
 154
 155
 154
 156
 152
 150
 152
 145
 148
 141
 145
 143
 144
 144
 142
 140
 140
 142
 138
 138
 143
 139
 142
 140
 144
 145
 142
 146
 146
 147
 143
 144
 148
 147
 150
 149
 156
 150
 147
 147
 144
 142
 142
 137
 133
 132
 127
 127
 127
 127
 116
 122
 108
 101
 98
 90
 90
 76
 65
 64
 47
 48
 46
 40
 41
 37
 40
 38
 37
 51
 37
 45
 64
 138
 188
 209
 217
 216
 203
 180
 153
 95
 105
 98
 99
 99
 93
 93
 99
 95
 96
 98
 102
 99
 100
 105
 101
 100
 98
 99
 104
 107
 104
 103
 102
 103
 102
 101
 100
 104
 100
 102
 99
 97
 91
 88
 94
 90
 87
 89
 84
 80
 87
 84
 80
 83
 80
 73
 78
 74
 79
 84
 80
 83
 75
 79
 80
 81
 79
 84
 80
 82
 84
 86
 84
 88
 90
 87
 77
 83
 78
 79
 78
 78
 79
 74
 81
 76
 82
 82
 78
 76
 70
 78
 72
 73
 74
 77
 67
 74
 71
 70
 70
 63
 53
 57
 59
 58
 51
 54
 56
 57
 53
 53
 58
 58
 60
 52
 48
 65
 57
 50
 54
 45
 62
 53
 52
 49
 48
 45
 45
 48
 47
 47
 48
 49
 51
 52
 48
 162
 162
 162
 162
 162
 164
 160
 159
 155
 155
 156
 156
 158
 157
 158
 158
 156
 157
 157
 154
 156
 155
 159
 156
 156
 155
 153
 157
 159
 157
 157
 158
 157
 156
 161
 160
 160
 158
 159
 164
 164
 163
 160
 159
 162
 161
 164
 163
 163
 163
 162
 161
 160
 162
 160
 158
 162
 158
 160
 162
 160
 162
 161
 164
 166
 164
 167
 170
 168
 172
 171
 175
 172
 171
 175
 170
 172
 167
 165
 167
 162
 158
 163
 162
 153
 154
 149
 150
 146
 143
 136
 136
 130
 123
 122
 116
 107
 99
 97
 90
 87
 90
 89
 90
 85
 85
 84
 88
 94
 89
 92
 94
 88
 97
 90
 92
 88
 86
 97
 95
 87
 87
 90
 90
 90
 97
 90
 95
 168
 155
 154
 158
 157
 139
 137
 139
 135
 140
 154
 142
 86
 53
 45
 41
 40
 41
 45
 58
 107
 104
 81
 113
 140
 143
 103
 83
 96
 101
 124
 128
 106
 91
 92
 98
 117
 126
 126
 123
 72
 57
 69
 53
 66
 60
 76
 98
 128
 146
 146
 123
 110
 89
 91
 68
 58
 58
 63
 70
 77
 84
 85
 96
 106
 132
 154
 169
 175
 172
 165
 156
 128
 99
 84
 74
 73
 66
 74
 76
 86
 87
 69
 64
 50
 52
 67
 99
 113
 92
 72
 66
 66
 64
 78
 85
 98
 109
 98
 98
 107
 117
 121
 88
 64
 51
 61
 69
 69
 67
 71
 85
 97
 105
 109
 111
 112
 112
 109
 119
 135
 149
 137
 138
 108
 109
 122
 120
 157
 157
 157
 157
 157
 155
 152
 151
 156
 154
 158
 153
 157
 156
 156
 154
 151
 152
 151
 156
 156
 152
 153
 152
 155
 154
 155
 156
 157
 153
 156
 158
 160
 157
 158
 157
 157
 156
 157
 157
 154
 152
 154
 152
 154
 156
 153
 155
 154
 154
 154
 151
 150
 148
 148
 146
 147
 148
 146
 143
 141
 142
 142
 140
 142
 143
 140
 140
 140
 142
 144
 144
 140
 144
 143
 142
 142
 143
 146
 148
 148
 146
 148
 145
 148
 147
 148
 151
 146
 144
 146
 142
 142
 140
 136
 136
 129
 128
 121
 118
 114
 104
 106
 92
 88
 75
 73
 66
 55
 46
 42
 39
 40
 41
 35
 35
 38
 40
 53
 120
 185
 206
 214
 214
 206
 187
 156
 150
 101
 106
 103
 105
 105
 97
 92
 100
 98
 101
 99
 100
 99
 97
 96
 100
 105
 101
 96
 103
 103
 104
 102
 102
 104
 106
 103
 103
 99
 97
 94
 93
 94
 90
 93
 94
 92
 86
 84
 85
 86
 86
 81
 82
 84
 75
 78
 76
 76
 76
 78
 74
 76
 83
 79
 81
 86
 80
 81
 79
 78
 87
 85
 88
 86
 81
 91
 83
 82
 85
 85
 87
 81
 84
 79
 81
 77
 83
 78
 82
 76
 76
 79
 76
 70
 69
 74
 70
 65
 66
 61
 61
 64
 53
 57
 54
 55
 58
 54
 53
 59
 56
 57
 56
 56
 55
 46
 52
 51
 51
 48
 51
 47
 51
 52
 48
 50
 48
 49
 46
 47
 50
 46
 46
 44
 45
 51
 46
 162
 162
 162
 162
 162
 158
 163
 155
 158
 157
 156
 156
 157
 157
 159
 159
 155
 155
 159
 154
 155
 155
 155
 157
 157
 153
 153
 159
 157
 158
 158
 161
 157
 159
 160
 156
 158
 159
 160
 160
 166
 161
 158
 164
 161
 159
 159
 159
 160
 163
 163
 159
 160
 161
 160
 162
 163
 158
 162
 163
 165
 159
 163
 166
 168
 169
 170
 179
 168
 175
 171
 170
 172
 173
 171
 170
 166
 165
 162
 162
 163
 164
 158
 152
 153
 150
 148
 147
 143
 139
 134
 130
 124
 120
 110
 105
 102
 91
 87
 84
 78
 85
 91
 87
 92
 86
 84
 92
 90
 88
 89
 93
 100
 90
 97
 96
 88
 88
 91
 87
 89
 85
 85
 95
 97
 92
 93
 92
 188
 165
 152
 153
 149
 132
 139
 123
 131
 144
 134
 102
 65
 50
 49
 41
 35
 41
 46
 74
 116
 91
 58
 90
 130
 158
 150
 128
 99
 117
 110
 100
 95
 89
 112
 121
 128
 131
 143
 115
 60
 57
 63
 64
 62
 51
 50
 56
 69
 89
 112
 134
 151
 155
 138
 93
 68
 53
 50
 53
 57
 49
 50
 50
 57
 67
 92
 107
 123
 143
 155
 168
 170
 161
 133
 103
 85
 80
 74
 71
 81
 87
 81
 75
 76
 73
 57
 58
 94
 113
 109
 91
 68
 62
 63
 67
 88
 106
 107
 98
 92
 108
 121
 128
 87
 74
 58
 63
 75
 62
 76
 90
 97
 97
 102
 116
 121
 121
 121
 126
 127
 148
 140
 132
 128
 106
 89
 109
 154
 154
 154
 154
 154
 152
